{
 "cells": [
  {
   "cell_type": "code",
   "execution_count": 43,
   "metadata": {},
   "outputs": [],
   "source": [
    "import gurobipy as gp\n",
    "from gurobipy import GRB\n",
    "import json\n",
    "import geopy\n",
    "from geopy.distance import distance"
   ]
  },
  {
   "attachments": {},
   "cell_type": "markdown",
   "metadata": {},
   "source": [
    "---\n",
    "# Input Data\n",
    "---"
   ]
  },
  {
   "cell_type": "code",
   "execution_count": 44,
   "metadata": {},
   "outputs": [],
   "source": [
    "with open('f1-locations-2022.json') as file_handle:\n",
    "    data = json.load(file_handle) # 22 cities in 2022, 23 in 2023"
   ]
  },
  {
   "cell_type": "code",
   "execution_count": 45,
   "metadata": {},
   "outputs": [],
   "source": [
    "dist = []\n",
    "zeros = [0] * (len(data)+1)\n",
    "dist.append(zeros)\n",
    "for i in range(len(data)):\n",
    "    newRow = [0]\n",
    "    for j in range(len(data)):\n",
    "        coord_i = (data[i]['lat'], data[i]['lon'])\n",
    "        coord_j = (data[j]['lat'], data[j]['lon'])\n",
    "        distance = geopy.distance.distance(coord_i, coord_j).km\n",
    "        newRow.append(distance)\n",
    "    dist.append(newRow)"
   ]
  },
  {
   "cell_type": "code",
   "execution_count": 46,
   "metadata": {},
   "outputs": [],
   "source": [
    "# import csv\n",
    "# file_path = 'nested_list.csv'\n",
    "# with open(file_path, 'w', newline='') as csvfile:\n",
    "#     writer = csv.writer(csvfile)\n",
    "#     writer.writerows(distRounded)"
   ]
  },
  {
   "cell_type": "code",
   "execution_count": 47,
   "metadata": {},
   "outputs": [],
   "source": [
    "# from copy import copy\n",
    "# distRounded = copy(dist)\n",
    "# for i in range(23):\n",
    "#     for j in range(23):\n",
    "#         if i > j:\n",
    "#             distRounded[i][j] = 0\n",
    "#         else:\n",
    "#             distRounded[i][j] = round(distRounded[i][j])\n",
    "\n"
   ]
  },
  {
   "cell_type": "code",
   "execution_count": 48,
   "metadata": {},
   "outputs": [],
   "source": [
    "# import csv\n",
    "# file_path = 'nested_list.csv'\n",
    "# with open(file_path, 'w', newline='') as csvfile:\n",
    "#     writer = csv.writer(csvfile)\n",
    "#     writer.writerows(distRounded)"
   ]
  },
  {
   "cell_type": "code",
   "execution_count": 49,
   "metadata": {},
   "outputs": [
    {
     "name": "stdout",
     "output_type": "stream",
     "text": [
      "[0, 0, 0, 0, 0, 0, 0, 0, 0, 0, 0, 0, 0, 0, 0, 0, 0, 0, 0, 0, 0, 0, 0]\n",
      "[0, 0.0, 1259.5700854390595, 12105.116389313182, 4023.0145511141486, 12205.12297547132, 4718.513976100133, 4337.807834531282, 1591.4450573882093, 10278.808460759305, 5164.104082982914, 3914.3710184981182, 4456.983322341206, 3630.9795503254013, 4645.132821450051, 4809.828595807177, 4247.127567980452, 6327.619674487589, 8068.817235207537, 12928.36717553616, 14007.830906043837, 11812.74552972678, 446.6875930783488]\n",
      "[0, 1259.5700854390595, 0.0, 12814.985660973129, 3558.6513335738923, 11623.489783742016, 4089.9847995850396, 3810.5362726240974, 2312.3626045893907, 9946.286855754606, 4816.396763326816, 3583.155109793424, 3901.3625751607956, 3384.4608405879867, 4307.060328852237, 4514.615956879085, 3796.8008238629855, 7358.344703838267, 9308.479213637303, 12650.836673573129, 13592.17062068135, 10553.66065482694, 1618.0311331048524]\n",
      "[0, 12105.116389313182, 12814.985660973129, 0.0, 16082.889170591929, 15596.86836899574, 16823.341543865215, 16419.17205626994, 12976.64256882238, 16738.24419131267, 16941.917959433467, 15873.295491110817, 16547.566457501427, 15539.346368474131, 16506.284366194952, 16566.165443345384, 16283.69343984724, 6048.969910840298, 8094.775455770899, 14283.8705202188, 13564.45827876928, 13083.584853081738, 11667.420408965316]\n",
      "[0, 4023.0145511141486, 3558.6513335738923, 16082.889170591929, 0.0, 8188.369231729624, 830.0126267994881, 349.8312680303158, 3143.407275336796, 6389.677056860442, 1275.0395272043863, 398.4185078947457, 491.56485897757784, 685.9669616421111, 803.8951911294499, 1039.6384617719946, 238.21923661684772, 10082.021968048355, 9620.879192811804, 9093.610502031868, 10070.903167598233, 9592.162165509135, 4448.41356032981]\n",
      "[0, 12205.12297547132, 11623.489783742016, 15596.86836899574, 8188.369231729624, 0.0, 7550.357679795288, 7886.3209602029565, 11036.144445633428, 2250.363848192081, 7055.81006274411, 8294.374690677449, 7776.292555975611, 8590.203209892363, 7570.2963207300645, 7422.0750578952475, 7960.710255920336, 16957.575756261343, 12245.275380309053, 1769.6212319868034, 2066.114284700396, 6575.736040933572, 12618.72018026907]\n",
      "[0, 4718.513976100133, 4089.9847995850396, 16823.341543865215, 830.0126267994881, 7550.357679795288, 0.0, 487.428768061232, 3955.993934958178, 5907.088985616921, 1193.7237971166364, 1175.488937702684, 345.66891055773954, 1501.5673810617482, 1026.3167631006738, 1215.1630931864045, 724.1023347133608, 10879.994829901336, 10346.522543318979, 8599.801682726258, 9502.592622374697, 8812.624791305272, 5155.939315098072]\n",
      "[0, 4337.807834531282, 3810.5362726240974, 16419.17205626994, 349.8312680303158, 7886.3209602029565, 487.428768061232, 0.0, 3492.406065715292, 6138.879241905636, 1119.7791685241277, 691.4390981090324, 142.98051881236566, 1014.2129990836105, 752.8863348420833, 985.60118164916, 256.1140538383626, 10429.246458147198, 9896.6771971702, 8842.916128832261, 9794.524790183334, 9285.998347413934, 4767.891132391595]\n",
      "[0, 1591.4450573882093, 2312.3626045893907, 12976.64256882238, 3143.407275336796, 11036.144445633428, 3955.993934958178, 3492.406065715292, 0.0, 8952.936046523422, 4040.235582860127, 2897.332156054533, 3631.982794958467, 2562.792590552338, 3553.601467842983, 3660.948562611521, 3321.4677297701865, 6942.810256664651, 7359.987787176786, 11511.367364646205, 12650.869429271164, 12209.902493259036, 1818.1893590304187]\n",
      "[0, 10278.808460759305, 9946.286855754606, 16738.24419131267, 6389.677056860442, 2250.363848192081, 5907.088985616921, 6138.879241905636, 8952.936046523422, 0.0, 5152.395078311651, 6408.056683854426, 6055.430685960308, 6663.263659759433, 5671.360816348337, 5486.132633681304, 6151.939039919078, 14813.640449372147, 10607.716801404269, 2704.5709334228463, 3729.230158004422, 8131.348986436772, 10654.888780356117]\n",
      "[0, 5164.104082982914, 4816.396763326816, 16941.917959433467, 1275.0395272043863, 7055.81006274411, 1193.7237971166364, 1119.7791685241277, 4040.235582860127, 5152.395078311651, 0.0, 1257.1677015471012, 1104.6993076399756, 1535.298125758474, 520.444198606998, 381.2878997074855, 1040.7114919857927, 10906.869566279243, 9530.50989409291, 7849.607009926538, 8863.49340696855, 9496.9813091467, 5567.022367310214]\n",
      "[0, 3914.3710184981182, 3583.155109793424, 15873.295491110817, 398.4185078947457, 8294.374690677449, 1175.488937702684, 691.4390981090324, 2897.332156054533, 6408.056683854426, 1257.1677015471012, 0.0, 830.3135799957071, 341.1462539231562, 737.0021611846522, 931.9988490732925, 456.5840620662283, 9836.808705479138, 9225.449785293331, 9101.920651425073, 10120.552661841488, 9974.909274947864, 4324.356952221144]\n",
      "[0, 4456.983322341206, 3901.3625751607956, 16547.566457501427, 491.56485897757784, 7776.292555975611, 345.66891055773954, 142.98051881236566, 3631.982794958467, 6055.430685960308, 1104.6993076399756, 830.3135799957071, 0.0, 1156.1140134788707, 798.6351160968266, 1020.0620122724057, 383.1290308340414, 10566.685553848227, 10021.797685520114, 8757.860877250485, 9696.708624805153, 9151.684464404183, 4889.207415888228]\n",
      "[0, 3630.9795503254013, 3384.4608405879867, 15539.346368474131, 685.9669616421111, 8590.203209892363, 1501.5673810617482, 1014.2129990836105, 2562.792590552338, 6663.263659759433, 1535.298125758474, 341.1462539231562, 1156.1140134788707, 0.0, 1020.3080166246713, 1179.6214881789942, 793.0348776763853, 9499.009867255467, 8953.34273739808, 9345.707071871822, 10386.123060937955, 10276.37888870151, 4031.7545725132504]\n",
      "[0, 4645.132821450051, 4307.060328852237, 16506.284366194952, 803.8951911294499, 7570.2963207300645, 1026.3167631006738, 752.8863348420833, 3553.601467842983, 5671.360816348337, 520.444198606998, 737.0021611846522, 798.6351160968266, 1020.3080166246713, 0.0, 238.9654040914915, 589.6903694388628, 10457.674311492214, 9388.71140000296, 8366.674035013655, 9383.901624711101, 9705.705842473366, 5050.134387523761]\n",
      "[0, 4809.828595807177, 4514.615956879085, 16566.165443345384, 1039.6384617719946, 7422.0750578952475, 1215.1630931864045, 985.60118164916, 3660.948562611521, 5486.132633681304, 381.2878997074855, 931.9988490732925, 1020.0620122724057, 1179.6214881789942, 238.9654040914915, 0.0, 828.5503469419644, 10527.177146128415, 9279.884487750678, 8174.621688975726, 9206.879455592278, 9783.77253337351, 5207.025671486228]\n",
      "[0, 4247.127567980452, 3796.8008238629855, 16283.69343984724, 238.21923661684772, 7960.710255920336, 724.1023347133608, 256.1140538383626, 3321.4677297701865, 6151.939039919078, 1040.7114919857927, 456.5840620662283, 383.1290308340414, 793.0348776763853, 589.6903694388628, 828.5503469419644, 0.0, 10264.244563154769, 9641.539331403355, 8855.726056567786, 9835.797380607955, 9534.61535149058, 4669.556604803038]\n",
      "[0, 6327.619674487589, 7358.344703838267, 6048.969910840298, 10082.021968048355, 16957.575756261343, 10879.994829901336, 10429.246458147198, 6942.810256664651, 14813.640449372147, 10906.869566279243, 9836.808705479138, 10566.685553848227, 9499.009867255467, 10457.674311492214, 10527.177146128415, 10264.244563154769, 0.0, 5027.223803825357, 15853.691541829628, 16626.006727612606, 15994.756284976187, 5882.8992507421735]\n",
      "[0, 8068.817235207537, 9308.479213637303, 8094.775455770899, 9620.879192811804, 12245.275380309053, 10346.522543318979, 9896.6771971702, 7359.987787176786, 10607.716801404269, 9530.50989409291, 9225.449785293331, 10021.797685520114, 8953.34273739808, 9388.71140000296, 9279.884487750678, 9641.539331403355, 5027.223803825357, 0.0, 10850.738372475083, 11617.51629669191, 18731.33306045454, 7801.301682885504]\n",
      "[0, 12928.36717553616, 12650.836673573129, 14283.8705202188, 9093.610502031868, 1769.6212319868034, 8599.801682726258, 8842.916128832261, 11511.367364646205, 2704.5709334228463, 7849.607009926538, 9101.920651425073, 8757.860877250485, 9345.707071871822, 8366.674035013655, 8174.621688975726, 8855.726056567786, 15853.691541829628, 10850.738372475083, 0.0, 1197.9775087902306, 8068.237871516984, 13278.959732663941]\n",
      "[0, 14007.830906043837, 13592.17062068135, 13564.45827876928, 10070.903167598233, 2066.114284700396, 9502.592622374697, 9794.524790183334, 12650.869429271164, 3729.230158004422, 8863.49340696855, 10120.552661841488, 9696.708624805153, 10386.123060937955, 9383.901624711101, 9206.879455592278, 9835.797380607955, 16626.006727612606, 11617.51629669191, 1197.9775087902306, 0.0, 7420.651435477893, 14382.341002551315]\n",
      "[0, 11812.74552972678, 10553.66065482694, 13083.584853081738, 9592.162165509135, 6575.736040933572, 8812.624791305272, 9285.998347413934, 12209.902493259036, 8131.348986436772, 9496.9813091467, 9974.909274947864, 9151.684464404183, 10276.37888870151, 9705.705842473366, 9783.77253337351, 9534.61535149058, 15994.756284976187, 18731.33306045454, 8068.237871516984, 7420.651435477893, 0.0, 12149.75249420797]\n",
      "[0, 446.6875930783488, 1618.0311331048524, 11667.420408965316, 4448.41356032981, 12618.72018026907, 5155.939315098072, 4767.891132391595, 1818.1893590304187, 10654.888780356117, 5567.022367310214, 4324.356952221144, 4889.207415888228, 4031.7545725132504, 5050.134387523761, 5207.025671486228, 4669.556604803038, 5882.8992507421735, 7801.301682885504, 13278.959732663941, 14382.341002551315, 12149.75249420797, 0.0]\n"
     ]
    }
   ],
   "source": [
    "n = len(dist) # number of nodes(23), including artificial one\n",
    "N = range(n) # 0...22\n",
    "for row in dist:\n",
    "    print(row)"
   ]
  },
  {
   "cell_type": "code",
   "execution_count": 50,
   "metadata": {},
   "outputs": [],
   "source": [
    "def tour(edges):\n",
    "    unvisited = list(range(n))\n",
    "    thiscycle = []\n",
    "    neighbors = unvisited\n",
    "    while unvisited: # Solange erfüllt, wie Elemente in unvisited sind\n",
    "        current = neighbors[0]\n",
    "        thiscycle.append(current)\n",
    "        unvisited.remove(current)\n",
    "        neighbors = [j for i, j in edges.select(current, '*')\n",
    "                        if j in unvisited]\n",
    "    return thiscycle"
   ]
  },
  {
   "attachments": {},
   "cell_type": "markdown",
   "metadata": {},
   "source": [
    "---\n",
    "# Modeling\n",
    "---"
   ]
  },
  {
   "cell_type": "code",
   "execution_count": 51,
   "metadata": {},
   "outputs": [],
   "source": [
    "m = gp.Model()"
   ]
  },
  {
   "cell_type": "code",
   "execution_count": 52,
   "metadata": {},
   "outputs": [],
   "source": [
    "x = {}\n",
    "for i in N:\n",
    "    for j in N:\n",
    "        if i != j:\n",
    "            x[i,j] = m.addVar(vtype = GRB.BINARY, name= \"x_\"+str(i)+\"_\"+str(j))\n",
    "# precedence\n",
    "u = m.addVars(range(1,n), ub = n, vtype = GRB.INTEGER, name='u') #skips artificial node"
   ]
  },
  {
   "cell_type": "code",
   "execution_count": 53,
   "metadata": {},
   "outputs": [],
   "source": [
    "m.setObjective(gp.quicksum(gp.quicksum(dist[i][j]*x[i,j] for j in N if i != j)for i in N))"
   ]
  },
  {
   "cell_type": "code",
   "execution_count": 54,
   "metadata": {},
   "outputs": [],
   "source": [
    "# 1 incoming edge\n",
    "for j in N:\n",
    "    m.addConstr(gp.quicksum(x[i,j] for i in N if i != j) == 1, \"edgeIn\" + str(j))\n",
    "# 1 outgoing edge\n",
    "for i in N:\n",
    "    m.addConstr(gp.quicksum(x[i,j] for j in N if i != j) == 1, \"edgeOut\" + str(i))\n",
    "# subtour elimination\n",
    "for i in range(1,n):\n",
    "    for j in range(1,n):\n",
    "        if i!=j:\n",
    "            m.addConstr(u[i] - u[j] + (n-1) * x[i,j] <= n - 2)\n",
    "# only one solution corresponding to a given feasible tour\n",
    "for i in range(1,n):\n",
    "    m.addConstr(1 <= u[i])\n",
    "    m.addConstr(u[i] <= n-1)\n",
    "#u = 1... 21?"
   ]
  },
  {
   "attachments": {},
   "cell_type": "markdown",
   "metadata": {},
   "source": [
    "----\n",
    "### additional Constraints\n",
    "----"
   ]
  },
  {
   "cell_type": "code",
   "execution_count": 55,
   "metadata": {},
   "outputs": [
    {
     "data": {
      "text/plain": [
       "<gurobi.Constr *Awaiting Model Update*>"
      ]
     },
     "execution_count": 55,
     "metadata": {},
     "output_type": "execute_result"
    }
   ],
   "source": [
    "M = 100  # Large constant\n",
    "\n",
    "### Environmental ###\n",
    "europe = [4,5,6,7,11,12,13,14,15,16]\n",
    "# for race in europe:\n",
    "#     m.addConstr(u[race] <= 16, name = \"europeNotColdUpper\"+str(race))\n",
    "#     m.addConstr(u[race] >= 4 , name = \"europeNotColdLower\"+str(race))\n",
    "for race in europe:\n",
    "    m.addLConstr(u[race] <= 16, name = \"europeNotColdUpper\"+str(race))\n",
    "    m.addLConstr(u[race] >= 4 , name = \"europeNotColdLower\"+str(race))\n",
    "\n",
    "arabianPeninsula = [1, 2, 22]  # Bahrain, Saudi Arabia, UAE\n",
    "a = {}\n",
    "for race in arabianPeninsula:\n",
    "    a[race] = m.addVar(vtype=gp.GRB.BINARY, name=f\"a_{race}\")\n",
    "for race in arabianPeninsula:\n",
    "    m.addLConstr(u[race] <= 4 + M * a[race], name=\"arabiaNotHot_upper\"+str(race))\n",
    "    m.addLConstr(u[race] >= 17 - M * (1 - a[race]), name=\"arabiaNotHot_lower\"+str(race))\n",
    "\n",
    "m.addLConstr(u[9] >= 8, name = \"canadaNoSnow_lower\")\n",
    "m.addLConstr(u[9] <= 16, name = \"canadaNoSnow_upper\")\n",
    "\n",
    "#die Constraint hauts komplett weg\n",
    "m.addLConstr(u[5] <= 7, name = \"miamiHurricaneSeason\") #June 1st through November 30th\n",
    "\n",
    "#die nächsten könnten schärfer formuliert werden\n",
    "j = m.addVar(vtype = gp.GRB.BINARY, name = \"j\")\n",
    "m.addLConstr(u[18] <= 4 + M * j, name=\"japanNoRain_lower\") #ende april bis 7 okt -> kleiner gleich 4, größer gleich 17\n",
    "m.addLConstr(u[18] >= 17 - M * (1 - j), name=\"japanNoRain_upper\")\n",
    "\n",
    "#USA hot summer\n",
    "USA = [5,19]\n",
    "us = {}\n",
    "for race in USA:\n",
    "    us[race] = m.addVar(vtype=gp.GRB.BINARY, name=f\"us_{race}\")\n",
    "for race in USA:\n",
    "    m.addLConstr(u[race] <= 7 + M*us[race])\n",
    "    m.addLConstr(u[race] >= 16 - M*(1-us[race]))\n",
    "\n",
    "### Contractual ###\n",
    "m.addLConstr(u[1] == 1, name = \"bahrainFirst\")\n",
    "m.addLConstr(u[22] == 22, name = \"abuDhabiLast\")\n",
    "m.addLConstr(u[7] == 7, name = \"monacoEndOfMai\")\n",
    "\n",
    "#Modelling will be done math like in Gurobi -> Big M Constraints"
   ]
  },
  {
   "attachments": {},
   "cell_type": "markdown",
   "metadata": {},
   "source": [
    "---\n",
    "# Results\n",
    "---"
   ]
  },
  {
   "cell_type": "code",
   "execution_count": 56,
   "metadata": {},
   "outputs": [
    {
     "name": "stdout",
     "output_type": "stream",
     "text": [
      "116223.34502775173\n"
     ]
    }
   ],
   "source": [
    "#current schedule:\n",
    "length = []\n",
    "for i in range(len(dist)-1):\n",
    "    length.append(dist[i][i+1])\n",
    "print(sum(length))"
   ]
  },
  {
   "attachments": {},
   "cell_type": "markdown",
   "metadata": {},
   "source": [
    "116223,34502775173"
   ]
  },
  {
   "cell_type": "code",
   "execution_count": 57,
   "metadata": {},
   "outputs": [
    {
     "name": "stdout",
     "output_type": "stream",
     "text": [
      "Set parameter TimeLimit to value 14400\n",
      "Gurobi Optimizer version 9.5.2 build v9.5.2rc0 (mac64[rosetta2])\n",
      "Thread count: 8 physical cores, 8 logical processors, using up to 8 threads\n",
      "Optimize a model with 590 rows, 534 columns and 2492 nonzeros\n",
      "Model fingerprint: 0x9cdb35e5\n",
      "Variable types: 0 continuous, 534 integer (512 binary)\n",
      "Coefficient statistics:\n",
      "  Matrix range     [1e+00, 1e+02]\n",
      "  Objective range  [1e+02, 2e+04]\n",
      "  Bounds range     [1e+00, 2e+01]\n",
      "  RHS range        [1e+00, 8e+01]\n",
      "Presolve removed 167 rows and 94 columns\n",
      "Presolve time: 0.01s\n",
      "Presolved: 423 rows, 440 columns, 1956 nonzeros\n",
      "Variable types: 0 continuous, 440 integer (421 binary)\n",
      "\n",
      "Root relaxation: objective 4.709149e+04, 60 iterations, 0.00 seconds (0.00 work units)\n",
      "\n",
      "    Nodes    |    Current Node    |     Objective Bounds      |     Work\n",
      " Expl Unexpl |  Obj  Depth IntInf | Incumbent    BestBd   Gap | It/Node Time\n",
      "\n",
      "     0     0 47091.4858    0   43          - 47091.4858      -     -    0s\n",
      "     0     0 48672.3932    0   45          - 48672.3932      -     -    0s\n",
      "     0     0 48672.3932    0   44          - 48672.3932      -     -    0s\n",
      "     0     0 49381.5448    0   57          - 49381.5448      -     -    0s\n",
      "     0     0 49449.1865    0   56          - 49449.1865      -     -    0s\n",
      "     0     0 49449.1865    0   56          - 49449.1865      -     -    0s\n",
      "     0     0 50930.7588    0   59          - 50930.7588      -     -    0s\n",
      "     0     0 51459.3070    0   50          - 51459.3070      -     -    0s\n",
      "     0     0 51469.3534    0   55          - 51469.3534      -     -    0s\n",
      "     0     0 51493.8990    0   65          - 51493.8990      -     -    0s\n",
      "     0     0 52567.9564    0   61          - 52567.9564      -     -    0s\n",
      "     0     0 52567.9564    0   63          - 52567.9564      -     -    0s\n",
      "     0     0 52571.6575    0   62          - 52571.6575      -     -    0s\n",
      "     0     0 52573.0263    0   61          - 52573.0263      -     -    0s\n",
      "     0     0 52573.1872    0   62          - 52573.1872      -     -    0s\n",
      "     0     0 52573.1872    0   61          - 52573.1872      -     -    0s\n",
      "     0     0 52573.1872    0   62          - 52573.1872      -     -    0s\n",
      "H    0     0                    125233.14695 52573.1872  58.0%     -    0s\n",
      "     0     0 52573.1872    0   53 125233.147 52573.1872  58.0%     -    0s\n",
      "     0     2 53329.4984    0   53 125233.147 53329.4984  57.4%     -    0s\n",
      "H   93    96                    123096.87808 56405.5691  54.2%  10.8    0s\n",
      "H  125   136                    115890.51222 56405.5691  51.3%  10.5    0s\n",
      "H  547   517                    97637.754997 56405.5691  42.2%   8.9    0s\n",
      "H 1599  1391                    97346.996546 57213.0280  41.2%   8.3    0s\n",
      "H 1611  1328                    95996.010446 57213.0280  40.4%   8.3    0s\n",
      "H 1658  1300                    95917.832651 57213.9724  40.4%   9.0    0s\n",
      "H 1694  1264                    95573.290997 57213.9724  40.1%   9.3    1s\n",
      "H 1698  1202                    93546.303304 57213.9724  38.8%   9.3    1s\n",
      "H 1705  1150                    87729.217772 57213.9724  34.8%   9.3    1s\n",
      "H 1706  1095                    79905.430851 57213.9724  28.4%   9.4    1s\n",
      "H 1709  1042                    79215.860941 57213.9724  27.8%   9.4    1s\n",
      "H 2770  1402                    76189.927411 57213.9724  24.9%  10.3    1s\n",
      "H 5240  2479                    75230.169407 60654.3542  19.4%  10.8    1s\n",
      "H10710  6190                    74496.798276 61052.9748  18.0%   8.8    2s\n",
      "H13333  7766                    74238.916975 61122.7636  17.7%   8.6    2s\n",
      "H13445  7529                    73172.431409 61123.5332  16.5%   8.6    2s\n",
      "H17579  9989                    72914.550109 61246.2977  16.0%   8.3    2s\n",
      " 30210 17497 64731.7076   52   71 72914.5501 61504.9098  15.6%   8.2    5s\n",
      "H30221 16628                    72879.638063 61504.9098  15.6%   8.2    5s\n",
      "H30315 15849                    72176.205923 61504.9098  14.8%   8.2    6s\n",
      " 67171 24776 63644.9033   56    9 72176.2059 61682.3808  14.5%   8.4   10s\n",
      " 128868 52256 62576.8372   60   12 72176.2059 62127.6136  13.9%   8.5   15s\n",
      " 180376 75681 69170.3083   82   20 72176.2059 62316.1971  13.7%   8.7   20s\n",
      " 234411 99152 65472.6542   61   22 72176.2059 62458.5131  13.5%   8.9   25s\n",
      " 282140 121861 infeasible   73      72176.2059 62553.9134  13.3%   9.0   30s\n",
      " 334186 141406 63253.4095   70   16 72176.2059 62635.1106  13.2%   9.1   35s\n",
      " 385947 163886 63200.8260   67   13 72176.2059 62704.6318  13.1%   9.1   40s\n",
      " 431386 182642 64793.7733   73   17 72176.2059 62757.3804  13.0%   9.2   45s\n",
      " 482172 204995 67749.1499   68   18 72176.2059 62809.7196  13.0%   9.2   50s\n",
      " 534198 227314     cutoff   84      72176.2059 62855.6598  12.9%   9.2   55s\n",
      " 582666 247428 67293.7485   91    8 72176.2059 62896.9840  12.9%   9.2   60s\n",
      " 626592 265727 64351.5753   65   20 72176.2059 62930.6921  12.8%   9.2   65s\n",
      " 672502 284448 63746.3240   98   16 72176.2059 62963.9023  12.8%   9.2   70s\n",
      " 712086 299910 65793.6923   65   21 72176.2059 62990.6246  12.7%   9.3   75s\n",
      " 751888 316538 71033.7819   86   34 72176.2059 63016.8285  12.7%   9.3   80s\n",
      " 792420 332551 66288.3621   76   29 72176.2059 63043.4710  12.7%   9.3   85s\n",
      " 832983 348659 infeasible   78      72176.2059 63067.1764  12.6%   9.4   90s\n",
      " 875268 365084 65060.2603   71   17 72176.2059 63091.9346  12.6%   9.4   95s\n",
      " 918437 381218 infeasible   78      72176.2059 63116.1180  12.6%   9.4  100s\n",
      " 960139 396788 66739.4297   63   40 72176.2059 63138.2616  12.5%   9.4  105s\n",
      " 1003332 413110 64664.6941   66   13 72176.2059 63159.8487  12.5%   9.4  110s\n",
      " 1042961 427587 68967.5056   64   34 72176.2059 63179.3791  12.5%   9.4  115s\n",
      " 1086585 443182 64097.5842   75   27 72176.2059 63199.5771  12.4%   9.4  120s\n",
      " 1128490 458322 67865.2699   86   16 72176.2059 63219.0409  12.4%   9.5  125s\n",
      " 1167205 471820     cutoff   64      72176.2059 63235.9719  12.4%   9.5  130s\n",
      " 1208911 486972 infeasible   76      72176.2059 63254.5830  12.4%   9.5  135s\n",
      " 1248542 500592 70097.4851   59   41 72176.2059 63271.6917  12.3%   9.5  140s\n",
      " 1290816 515518     cutoff   67      72176.2059 63288.7113  12.3%   9.5  145s\n",
      " 1332360 529674 64279.4438   72   23 72176.2059 63306.0119  12.3%   9.5  150s\n",
      " 1373379 544028 65981.8758   65   13 72176.2059 63322.3235  12.3%   9.5  155s\n",
      " 1409578 558464 infeasible   65      72176.2059 63336.2544  12.2%   9.5  160s\n",
      " 1452054 571468 64892.9219   64   30 72176.2059 63352.0311  12.2%   9.5  165s\n",
      " 1493375 586542 64560.3932   66   14 72176.2059 63367.2003  12.2%   9.5  170s\n",
      " 1532086 600040 67607.7696   75   32 72176.2059 63380.9466  12.2%   9.5  175s\n",
      " 1572024 613999     cutoff   76      72176.2059 63395.2162  12.2%   9.5  180s\n",
      " 1611888 627253 infeasible   78      72176.2059 63408.9207  12.1%   9.6  185s\n",
      " 1651307 640666 67739.1224   77   37 72176.2059 63422.7364  12.1%   9.6  190s\n",
      " 1689804 653890 68678.6937   79   28 72176.2059 63435.4946  12.1%   9.6  195s\n",
      " 1725446 666067 65711.5788   79   12 72176.2059 63447.0119  12.1%   9.6  200s\n",
      " 1761289 678035 63613.6523   71   29 72176.2059 63458.3226  12.1%   9.6  205s\n",
      " 1803100 691770     cutoff   94      72176.2059 63471.5417  12.1%   9.6  210s\n",
      " 1843803 705490 63486.3061   62   17 72176.2059 63484.7319  12.0%   9.6  215s\n",
      " 1882474 718095 66637.5035   77   22 72176.2059 63496.5626  12.0%   9.6  220s\n",
      " 1916016 728958 63670.0447   58    8 72176.2059 63507.5643  12.0%   9.6  225s\n",
      " 1950894 740281 63827.8430   66   26 72176.2059 63518.4053  12.0%   9.6  230s\n",
      " 1988682 752156 63812.9182   74   16 72176.2059 63530.2149  12.0%   9.6  235s\n",
      " 2024529 763636 65093.2770   63    8 72176.2059 63541.6641  12.0%   9.7  240s\n",
      " 2057196 774498 infeasible   73      72176.2059 63551.1238  12.0%   9.7  245s\n",
      " 2084070 783063 67429.5572   80   13 72176.2059 63559.0743  11.9%   9.7  250s\n",
      " 2117576 793962 65669.5038   58    7 72176.2059 63568.7233  11.9%   9.7  255s\n",
      " 2150698 804336 infeasible   80      72176.2059 63578.5365  11.9%   9.7  260s\n",
      " 2186112 815557 65211.1633   81   42 72176.2059 63588.4231  11.9%   9.7  265s\n",
      " 2218938 826259     cutoff   64      72176.2059 63597.5467  11.9%   9.7  270s\n",
      " 2251164 836316 66635.0828   77   12 72176.2059 63606.5480  11.9%   9.7  275s\n",
      " 2283453 846579 infeasible   77      72176.2059 63616.0433  11.9%   9.7  280s\n",
      " 2315594 857025 65319.6313   81   11 72176.2059 63624.4936  11.8%   9.7  285s\n",
      " 2351363 867699 64774.8824   70   12 72176.2059 63634.4389  11.8%   9.8  290s\n",
      " 2388462 879690 65204.6190   75    9 72176.2059 63644.0121  11.8%   9.8  295s\n",
      " 2424670 891062 66881.6028   71   10 72176.2059 63653.8068  11.8%   9.8  300s\n",
      " 2460975 902421 65285.8527   77   13 72176.2059 63662.4320  11.8%   9.8  305s\n",
      " 2495606 913510 67814.5329   83   12 72176.2059 63671.3280  11.8%   9.8  310s\n",
      " 2524938 923064 66449.7319   57   10 72176.2059 63678.7428  11.8%   9.8  315s\n",
      " 2544760 929049 64362.0540   70   35 72176.2059 63683.6267  11.8%   9.8  320s\n",
      " 2567833 936267     cutoff   86      72176.2059 63689.2351  11.8%   9.8  325s\n",
      " 2595474 944938 71251.9740   60   27 72176.2059 63695.9970  11.7%   9.8  330s\n",
      " 2626695 954954 67029.0371   67   37 72176.2059 63703.9353  11.7%   9.8  335s\n",
      " 2650058 962331 infeasible   82      72176.2059 63709.6099  11.7%   9.8  340s\n",
      " 2674152 969834 infeasible   67      72176.2059 63715.8591  11.7%   9.8  345s\n",
      " 2709430 980713     cutoff   71      72176.2059 63724.1559  11.7%   9.8  350s\n",
      " 2742537 990955 67963.5504   67   12 72176.2059 63732.1355  11.7%   9.8  355s\n",
      " 2776635 1001799 69137.0168   76   36 72176.2059 63740.4050  11.7%   9.8  360s\n",
      " 2814490 1013789 69740.7819   74   13 72176.2059 63749.2022  11.7%   9.8  365s\n",
      " 2851819 1025485 66096.8785   85   19 72176.2059 63758.0119  11.7%   9.8  370s\n",
      " 2888967 1037242     cutoff   89      72176.2059 63766.3998  11.7%   9.8  375s\n",
      " 2927285 1048724 64988.3744   68   20 72176.2059 63775.5180  11.6%   9.8  380s\n",
      " 2963597 1060098 66832.2189   62   27 72176.2059 63783.8642  11.6%   9.8  385s\n",
      " 3000743 1071383 infeasible   70      72176.2059 63792.1862  11.6%   9.8  390s\n",
      " 3034438 1081578     cutoff   69      72176.2059 63799.6987  11.6%   9.8  395s\n",
      " 3068062 1092081 66033.2029   77   18 72176.2059 63806.8251  11.6%   9.8  400s\n",
      " 3104022 1103016 67442.2142   74   30 72176.2059 63814.4133  11.6%   9.8  405s\n",
      " 3138935 1113523 67003.6544   68   23 72176.2059 63821.9157  11.6%   9.8  410s\n",
      " 3173583 1123791 66240.9296   73   14 72176.2059 63829.2920  11.6%   9.8  415s\n",
      " 3212310 1135428     cutoff   80      72176.2059 63837.0898  11.6%   9.8  420s\n",
      " 3246922 1146121 67856.2954   80   29 72176.2059 63844.1781  11.5%   9.8  425s\n",
      " 3280003 1156167 65140.7472   82   31 72176.2059 63851.1817  11.5%   9.8  430s\n",
      " 3313948 1166570 66785.2361   54   12 72176.2059 63858.0628  11.5%   9.8  435s\n",
      " 3344808 1176415 68161.2193   75   13 72176.2059 63864.3464  11.5%   9.8  440s\n",
      " 3375791 1185762 65563.3224   85   14 72176.2059 63870.3438  11.5%   9.8  445s\n",
      " 3409088 1196219 64707.5198   66   17 72176.2059 63876.7495  11.5%   9.8  450s\n",
      " 3446538 1207429     cutoff   89      72176.2059 63884.2892  11.5%   9.8  455s\n",
      " 3481195 1217587     cutoff   68      72176.2059 63891.0707  11.5%   9.8  460s\n",
      " 3516474 1228372 66210.6443   81   17 72176.2059 63898.2429  11.5%   9.8  465s\n",
      " 3554235 1239923 71854.9866   98    6 72176.2059 63905.2873  11.5%   9.8  470s\n",
      " 3585642 1249406 infeasible   70      72176.2059 63911.2140  11.5%   9.8  475s\n",
      " 3620221 1259558     cutoff   88      72176.2059 63917.6126  11.4%   9.8  480s\n",
      " 3650857 1268505 65018.1564   92   26 72176.2059 63923.4702  11.4%   9.8  485s\n",
      " 3677704 1276476 66634.4389   67    6 72176.2059 63928.4727  11.4%   9.8  490s\n",
      " 3701866 1283340 65688.7692   69   30 72176.2059 63933.0312  11.4%   9.8  495s\n",
      " 3732113 1292145 infeasible   86      72176.2059 63938.9150  11.4%   9.8  500s\n",
      " 3767850 1302756 65513.5031   75   19 72176.2059 63945.6278  11.4%   9.8  505s\n",
      " 3802797 1313002     cutoff   79      72176.2059 63951.9400  11.4%   9.8  510s\n",
      " 3830248 1321288 65420.4731   74    9 72176.2059 63957.0878  11.4%   9.8  515s\n",
      " 3862308 1330898 70157.8092   68   14 72176.2059 63962.8074  11.4%   9.8  520s\n",
      " 3895412 1340801 66924.5239   69   28 72176.2059 63968.7163  11.4%   9.8  525s\n",
      " 3932102 1351713 70322.5920   79   38 72176.2059 63975.2222  11.4%   9.8  530s\n",
      " 3969037 1362475     cutoff   75      72176.2059 63981.8496  11.4%   9.8  535s\n",
      " 4003318 1372313 66679.0722   62   27 72176.2059 63987.9397  11.3%   9.8  540s\n",
      " 4038927 1382961 66290.8946   72   30 72176.2059 63994.1660  11.3%   9.8  545s\n",
      " 4073813 1393001 64494.8871   77   22 72176.2059 64000.1243  11.3%   9.8  550s\n",
      " 4110642 1404241 66016.5955   75   25 72176.2059 64006.4072  11.3%   9.8  555s\n",
      " 4142130 1413337 64147.0472   70   14 72176.2059 64012.0722  11.3%   9.8  560s\n",
      " 4176493 1423822 67141.8453   71   36 72176.2059 64017.7788  11.3%   9.8  565s\n",
      " 4207198 1432868 69202.1426   62   33 72176.2059 64022.7917  11.3%   9.8  570s\n",
      " 4240321 1442460 67117.9323   63   13 72176.2059 64028.4196  11.3%   9.8  575s\n",
      " 4273331 1452335 infeasible   64      72176.2059 64033.6985  11.3%   9.8  580s\n",
      " 4299931 1459811 64374.6433   63   19 72176.2059 64037.9904  11.3%   9.8  585s\n",
      " 4334345 1469642 66786.0437   76    8 72176.2059 64043.5805  11.3%   9.8  590s\n",
      " 4368943 1479521 infeasible   72      72176.2059 64049.1940  11.3%   9.8  595s\n",
      " 4400982 1488907 infeasible   91      72176.2059 64054.3779  11.3%   9.8  600s\n",
      " 4427520 1496552 infeasible   72      72176.2059 64058.6308  11.2%   9.8  605s\n",
      " 4456955 1504780 64498.5668   56   12 72176.2059 64063.1575  11.2%   9.8  610s\n",
      " 4490254 1514319 68453.2604   70   43 72176.2059 64068.3406  11.2%   9.8  615s\n",
      " 4521120 1523311 66759.5644   90   18 72176.2059 64073.3339  11.2%   9.8  620s\n",
      " 4552747 1532341 66736.6879   82   17 72176.2059 64078.3515  11.2%   9.8  625s\n",
      " 4586267 1542136 67039.3545   76   21 72176.2059 64083.5086  11.2%   9.8  630s\n",
      " 4620539 1551416 66110.9072   80   16 72176.2059 64088.8601  11.2%   9.8  635s\n",
      " 4653902 1560833 68784.6656   66   23 72176.2059 64094.0179  11.2%   9.8  640s\n",
      " 4685663 1569886 65052.4055   78   18 72176.2059 64098.9604  11.2%   9.8  645s\n",
      " 4719250 1579426 68142.1813   71   25 72176.2059 64103.9495  11.2%   9.8  650s\n",
      " 4750848 1588230 71444.8382   66   24 72176.2059 64108.6921  11.2%   9.8  655s\n",
      " 4781340 1597042 67715.5210   81   44 72176.2059 64113.1102  11.2%   9.8  660s\n",
      " 4812950 1605995 65869.4544   73   19 72176.2059 64117.8692  11.2%   9.8  665s\n",
      " 4847120 1615590 infeasible   79      72176.2059 64123.1184  11.2%   9.8  670s\n",
      " 4875375 1623538 64982.7041   69    4 72176.2059 64127.5194  11.2%   9.8  675s\n",
      " 4895113 1629015 66799.6278   69   19 72176.2059 64130.4509  11.1%   9.8  680s\n",
      " 4918213 1635464 infeasible   71      72176.2059 64133.7702  11.1%   9.8  685s\n",
      " 4943250 1642785 67433.4899   74   24 72176.2059 64137.5736  11.1%   9.8  690s\n",
      " 4972498 1651158 64355.5091   80   10 72176.2059 64141.9017  11.1%   9.8  695s\n",
      " 5004381 1660387 64371.9278   77   13 72176.2059 64146.3670  11.1%   9.8  700s\n",
      " 5032151 1668037 68219.3862   78   19 72176.2059 64150.1943  11.1%   9.8  705s\n",
      " 5058652 1675399 65358.6003   78   12 72176.2059 64154.3807  11.1%   9.8  710s\n",
      " 5091123 1684788 65124.4751   68   13 72176.2059 64159.1707  11.1%   9.8  715s\n",
      " 5122400 1693764 64545.1451   80   16 72176.2059 64163.4911  11.1%   9.8  720s\n",
      " 5155596 1703069 67368.9820   71   20 72176.2059 64168.2391  11.1%   9.8  725s\n",
      " 5188283 1712427 70358.7676   83   15 72176.2059 64172.7665  11.1%   9.8  730s\n",
      " 5218161 1721345 67133.2517   76   30 72176.2059 64176.7666  11.1%   9.8  735s\n",
      " 5248158 1729870 68614.0279   65   22 72176.2059 64180.9811  11.1%   9.8  740s\n",
      " 5275257 1737074 64541.4798   61   15 72176.2059 64184.7368  11.1%   9.8  745s\n",
      " 5301711 1744218     cutoff   84      72176.2059 64188.5629  11.1%   9.8  750s\n",
      " 5328153 1751350 infeasible   72      72176.2059 64192.3783  11.1%   9.8  755s\n",
      " 5356720 1758670 67527.7325   87   41 72176.2059 64196.4368  11.1%   9.8  760s\n",
      " 5379627 1764508 68566.3147   57   20 72176.2059 64199.5952  11.1%   9.8  765s\n",
      " 5404976 1771274 65585.4825   78   27 72176.2059 64203.1707  11.0%   9.8  770s\n",
      " 5430878 1778057     cutoff   90      72176.2059 64206.6495  11.0%   9.8  775s\n",
      " 5459344 1785923 69782.6755   78   27 72176.2059 64210.5852  11.0%   9.8  780s\n",
      " 5486502 1793143 66195.2043   73   29 72176.2059 64214.4665  11.0%   9.8  785s\n",
      " 5507691 1798805 65087.5639   59   13 72176.2059 64217.3472  11.0%   9.8  790s\n",
      " 5528288 1804367 66350.5379   78   28 72176.2059 64220.1118  11.0%   9.8  795s\n",
      " 5552173 1811149 67981.0368   77   13 72176.2059 64223.2457  11.0%   9.8  800s\n",
      " 5575662 1817280 72044.2265   67   28 72176.2059 64226.4786  11.0%   9.8  805s\n",
      " 5604166 1824785 68160.8238   92   29 72176.2059 64230.2199  11.0%   9.8  810s\n",
      " 5632886 1832428 69373.7097   73   39 72176.2059 64233.9368  11.0%   9.8  815s\n",
      " 5660608 1840067 infeasible   80      72176.2059 64237.6371  11.0%   9.8  820s\n",
      " 5685763 1846645 70601.5490   66   30 72176.2059 64240.8771  11.0%   9.8  825s\n",
      " 5714222 1854710     cutoff   77      72176.2059 64244.5305  11.0%   9.8  830s\n",
      " 5740020 1861755 infeasible   68      72176.2059 64247.9156  11.0%   9.8  835s\n",
      " 5769116 1869820 66679.9697   77   13 72176.2059 64251.7205  11.0%   9.8  840s\n",
      " 5797463 1877839 67429.9674   81   26 72176.2059 64255.2613  11.0%   9.8  845s\n",
      " 5825559 1885106 64517.1594   70   41 72176.2059 64258.9749  11.0%   9.8  850s\n",
      " 5853982 1892927     cutoff   70      72176.2059 64262.4567  11.0%   9.8  855s\n",
      " 5880468 1900384     cutoff   76      72176.2059 64265.7026  11.0%   9.8  860s\n",
      " 5909029 1907997 65843.8667   63   38 72176.2059 64269.3432  11.0%   9.8  865s\n",
      " 5937490 1915947 69535.2517   79   40 72176.2059 64272.9056  11.0%   9.8  870s\n",
      " 5958176 1923352     cutoff   73      72176.2059 64275.5069  10.9%   9.8  875s\n",
      " 5993823 1931109 68667.4985   66   19 72176.2059 64279.5994  10.9%   9.8  880s\n",
      " 6017627 1937608 infeasible   80      72176.2059 64282.6855  10.9%   9.8  885s\n",
      " 6042362 1943972 65176.3505   69   12 72176.2059 64285.8574  10.9%   9.8  890s\n",
      " 6070010 1951545 66075.8020   95   15 72176.2059 64289.2358  10.9%   9.8  895s\n",
      " 6093839 1957650 65754.9029   82   11 72176.2059 64292.1735  10.9%   9.8  900s\n",
      " 6106660 1961147 71090.5542   73   17 72176.2059 64293.6553  10.9%   9.8  905s\n",
      " 6125510 1966066 65495.8607   67   17 72176.2059 64296.1266  10.9%   9.9  910s\n",
      " 6143771 1970945 65879.3199   52   11 72176.2059 64298.2888  10.9%   9.9  915s\n",
      " 6161319 1975627 65799.8707   92   22 72176.2059 64300.5710  10.9%   9.9  920s\n",
      " 6184070 1981665 64874.7512   63    4 72176.2059 64303.4921  10.9%   9.9  925s\n",
      " 6207822 1988060     cutoff   71      72176.2059 64306.4354  10.9%   9.9  930s\n",
      " 6232798 1994409 69567.9147   85   26 72176.2059 64309.3436  10.9%   9.9  935s\n",
      " 6257164 2000621 66899.9080   69   28 72176.2059 64312.2500  10.9%   9.9  940s\n",
      " 6280602 2007058 68281.5112   73   41 72176.2059 64314.9873  10.9%   9.9  945s\n",
      " 6305586 2013789 infeasible   75      72176.2059 64318.0134  10.9%   9.9  950s\n",
      " 6332027 2020607 infeasible   69      72176.2059 64321.1727  10.9%   9.9  955s\n",
      " 6356719 2027026 66729.7940   81   35 72176.2059 64324.2560  10.9%   9.9  960s\n",
      " 6380889 2033486 68166.9270   75   31 72176.2059 64327.0336  10.9%   9.9  965s\n",
      " 6404930 2039929 65312.0844   76   21 72176.2059 64329.7761  10.9%   9.9  970s\n",
      " 6426271 2045526 64872.8408   74   12 72176.2059 64332.1408  10.9%   9.9  975s\n",
      " 6450688 2051890 65121.6242   87   17 72176.2059 64334.9698  10.9%   9.9  980s\n",
      " 6476370 2058440 infeasible   81      72176.2059 64337.9177  10.9%   9.9  985s\n",
